id,EAP,HPL,MWS
id02310,0.002013889021470633,9.450205345736283e-05,0.9978916089250579
id24541,0.999998865756272,1.0853188031544026e-06,4.892496866666995e-08
id00134,0.003983233513479447,0.9960148798393959,1.8866471340044556e-06
id27757,0.4382619686536652,0.5617377780108136,2.5333549296888544e-07
id04081,0.9719541700581208,0.004984518192638459,0.023061311749241514
id27337,0.9472333946119105,0.05267927960336738,8.732578473467363e-05
id24265,0.9827259760386028,0.01042980202133037,0.006844221940072137
id25917,0.000711184067458158,0.001542021513324253,0.9977467944192282
id04951,0.9999539485839782,4.604600748599046e-05,5.408511118386933e-09
id14549,0.9351210841795113,0.008856710921421243,0.05602220489906631
id22505,0.0015126775794190653,0.015886308055932913,0.9826010143646544
id24002,1.741599073865473e-20,1.0,1.1539708097734824e-20
id18982,0.0249535347403136,0.08621160900239,0.888834856257304
id15181,9.432830644608416e-05,0.9999046390188803,1.0326746743743336e-06
id21888,0.9999934556471275,3.3101086467400447e-06,3.234244219569385e-06
id12035,5.9485136341056484e-05,3.303135823070308e-06,0.9999372117278329
id17991,0.2824167591175367,0.002121359372237815,0.7154618815102283
id10707,1.0,1.0346583232214492e-15,3.0120435284723765e-15
id07101,0.25763227735738464,0.029974822088000005,0.712392900554606
id00345,0.6109466711335835,0.38830452245615105,0.0007488064102784527
id05912,0.9907930919921607,0.0008968565542895974,0.008310051453547324
id13443,0.9984251982857466,5.302005033350904e-05,0.001521781663928519
id09248,0.14048614872905527,0.09829771725395656,0.761216134016983
id17542,7.816221809776958e-15,0.9999999999999432,4.963332009367267e-14
id06995,0.0015308402951000968,4.062694531920628e-07,0.9984687534354513
id25159,0.6562558566558956,0.004545097685114763,0.3391990456589943
id25729,0.9621712002687979,0.02876723920414049,0.009061560527065268
id26949,0.9916107054920409,0.005632209287348664,0.0027570852206036
id27191,0.005636344049084376,2.9089862346767525e-09,0.9943636530419444
id07668,0.00120627929504583,5.799733485654272e-11,0.9987937206469819
id02230,0.009908992868714595,0.004242855975451871,0.9858481511558363
id15553,0.9999999981787369,3.009885941512058e-11,1.7911859895830631e-09
id25688,1.7818160276981561e-13,0.9999999999917577,8.073938284771737e-12
id17545,0.9951431952381393,0.0009547324316185824,0.0039020723302415077
id13929,0.3311950145896071,0.46960521591349547,0.19919976949689266
id12880,0.680803053791069,0.24827213499436027,0.07092481121456656
id19282,0.8083667263802056,0.03739626338943647,0.15423701023035388
id14690,0.0009571368043424368,3.2450482927650834e-05,0.9990104127127272
id17975,0.0017125435062825712,0.9974442514309265,0.0008432050628034291
id08037,0.9998701114231556,2.2456601538925026e-09,0.0001298863311918194
id15412,0.03644983696635734,0.0002095772807489527,0.9633405857528975
id25032,0.3557579914034405,0.0586770463145256,0.5855649622820374
id27165,0.9999999998280487,1.0332097930820825e-10,6.863213551607772e-11
id03327,0.9999922478987233,7.703604587439939e-06,4.849670221836959e-08
id18515,0.9992839850771758,0.00019095315854702376,0.0005250617642908249
id21003,0.021509412131209254,0.0021181236644250484,0.9763724642043774
id23855,8.595403821305801e-11,0.9999998955497401,1.0436431990462168e-07
id20724,0.7907837812212427,0.12581945287558655,0.08339676590317142
id13303,0.878118006997229,0.006002131039526852,0.1158798619632719
id16521,0.00013509165753969148,0.164624197000432,0.835240711342017
id20775,0.9999999999639044,3.2068781013198616e-11,4.045111807471814e-12
id13029,0.9999999991341042,2.916173231928683e-10,5.742854068486077e-10
id14660,0.946519278628802,0.04322980774823184,0.01025091362297826
id11028,4.185094830657935e-09,5.516010332209426e-12,0.9999999958093895
id14180,0.9982830285217956,0.0016141627621383426,0.0001028087160603189
id25860,0.9999999999999432,5.958190794901526e-14,2.907001825317803e-16
id11910,0.1351416461139934,1.6999734246601526e-05,0.86484135415176
id08065,0.008652713181266602,0.0006909831640698353,0.9906563036546661
id22674,1.4908823769093797e-05,3.554358466073828e-08,0.9999850556326627
id25018,0.2507715895572489,0.00010324656846346977,0.7491251638742854
id10892,1.362168574892329e-11,0.999999999985846,5.369538598775172e-13
id10217,0.4640667247101069,0.5359166961315823,1.6579158315973648e-05
id12996,0.07711805568687306,0.0246441347464983,0.8982378095666307
id18262,0.9987201531818013,8.797132606228546e-06,0.0012710496855862475
id08606,7.24475798611402e-06,0.9999907929606392,1.9622813548314117e-06
id17233,0.7723125976422492,0.05306856007825786,0.17461884227949312
id00101,0.9746553517610432,0.015754798301789302,0.00958984993716142
id12225,0.8412516055407737,0.12492213237742318,0.033826262081804635
id01364,0.022084434946693234,0.9775934579215092,0.0003221071318033043
id24973,0.6040965351643433,0.00011763214415059635,0.39578583269149903
id25363,0.15722113874635385,4.6514404028230534e-14,0.8427788612536296
id10061,0.7152468561748219,0.0006441123801262654,0.28410903144506516
id17673,0.3821801582898759,0.6044697074087785,0.013350134301348954
id13249,0.28990861544313523,0.041365085546311416,0.6687262990105531
id10107,4.6279553174151805e-05,5.8642558196194624e-08,0.9999536618042728
id04403,0.9999868623749076,6.51693335721244e-09,1.3131108161468065e-05
id25728,0.9310587815784156,0.010592250369418526,0.05834896805216015
id16184,0.2167628787580777,0.04123364224669882,0.7420034789952296
id03438,5.8835732729596854e-05,1.0749317412785163e-08,0.9999411535179524
id22923,0.014983254521121536,0.9849533561777688,6.338930111102727e-05
id08610,0.9999899974408246,9.825002625475338e-08,9.904309152664384e-06
id25355,0.003719993461864924,0.0009336190435051703,0.9953463874946245
id16916,0.6741667206848188,0.31425273165313516,0.011580547662051006
id12793,0.0023058617603129612,0.9975257358119518,0.00016840242772424264
id11859,0.5018455964650149,0.0861898170695717,0.4119645864654188
id02434,0.9999999999998863,1.4668385153286644e-13,7.018257014494193e-15
id27703,1.426325054062662e-09,5.699900335322609e-12,0.9999999985679722
id25212,0.0019732608201252218,0.9980014342291187,2.5304950746144028e-05
id11308,0.0864090223302094,0.05620872161205821,0.8573822560577357
id26094,0.9991586356488564,0.00079319965630452,4.816469485133355e-05
id22080,0.7353026983547437,0.26237677615245686,0.002320525492803333
id03545,0.9996594428183389,0.0003385629632529004,1.9942184116702443e-06
id23725,1.4812887408319237e-05,0.00012770460933541112,0.9998574825032452
id12009,0.9626458513774852,0.028594631850252954,0.008759516772248788
id24241,0.41791431426351566,0.19856082877027767,0.38352485696620703
id03596,0.0007334738509772383,0.999260102824316,6.423324705220456e-06
id10749,0.30685557033565225,0.6821853986766099,0.010959030987731624
id22794,5.446620740615566e-08,7.835152551990026e-08,0.9999998671822911
id15482,0.8766023043044776,0.016439967506533905,0.10695772818898606
id04833,0.9398293696713917,0.05921578185320761,0.0009548484754219606
id00397,4.190695432261935e-05,3.57781603164419e-15,0.9999580930456242
id14691,1.2565936772513913e-09,3.076639935993581e-05,0.9999692323440843
id05193,0.010694251078700782,2.903171328396356e-05,0.9892767172080195
id19541,0.9961602342830593,0.0003165160723714976,0.00352324964457505
id22166,1.277869476562805e-09,3.408493034183263e-11,0.9999999986880539
id20744,9.20133282406887e-11,1.0143629679490771e-13,0.9999999999078852
id10392,6.425011820390593e-12,1.0448329714624276e-14,0.9999999999935199
id00770,0.9996841467097454,0.00020811495492679624,0.00010773833531580327
id06018,0.2585348220401177,0.7389944414960012,0.0024707364638765898
id15678,0.00779454455279935,2.214885531435808e-06,0.9922032405616413
id08305,0.9243548781311351,0.07339157379631472,0.002253548072547079
id08903,2.0637959207729295e-06,1.8944935042277163e-07,0.9999977467547244
id14752,2.2966766485752047e-07,0.9999997701529233,1.7943004984422073e-10
id12468,0.000593826619031126,0.9994052944116355,8.789693273254942e-07
id05085,0.6924774427558489,0.2999884975488585,0.007534059695299011
id21993,0.044826328181161834,0.00015872121321078772,0.9550149506056199
id15503,0.9841001635746033,0.015002519963780263,0.0008973164616191148
id03021,1.2762022587684908e-18,1.0,2.5219173334987957e-18
id16123,0.9999999997855866,2.1282913315007622e-10,1.5895811914954173e-12
id19383,0.9999736889313566,2.273829020889373e-05,3.5727784615189636e-06
id04186,0.9999999999768932,5.971811267639831e-13,2.2513393079065382e-11
id17954,2.6184442020505653e-12,3.595007020960423e-18,0.9999999999973852
id12030,0.17910369626280787,0.0003681932203285547,0.8205281105168609
id13020,0.8427457167334005,0.15716467320988925,8.961005670111045e-05
id25327,5.400165159010432e-06,0.3868462606023359,0.6131483392325074
id16344,0.06955601159445615,0.014563117363531507,0.9158808710420143
id12303,0.36709298438854,0.6129334310897908,0.019973584521657775
id15017,0.9999999999406555,5.939035140213533e-11,1.275253250144151e-15
id22308,1.706171251043543e-05,4.23750812743109e-06,0.9999787007793637
id06536,5.573187766672192e-06,0.0002805799308905644,0.9997138468813352
id19797,0.027507766679261244,0.9421995601129508,0.030292673207789916
id06332,0.284964811682148,0.6957352814048251,0.019299906913017275
id22941,0.08848357264666647,0.03929046763087148,0.8722259597224613
id13547,0.00017627215785493794,0.0009293115240710244,0.9988944163180798
id06928,5.805571371679375e-09,6.310813341884938e-12,0.9999999941881299
id12521,0.5227543530367025,0.4762450440000539,0.0010006029632408367
id25716,0.7590442207255617,0.011059130214801038,0.22989664905963192
id27116,3.264718139250506e-18,1.8442904673595105e-21,1.0
id19941,0.0006612680923469982,0.9982913989576706,0.0010473329500066922
id05711,3.987653565094585e-12,4.3895866281100584e-13,0.9999999999955662
id02097,1.2973572270552007e-07,0.00020553637634991662,0.9997943338879054
id03563,0.0003365050495177152,0.9996633835777653,1.1137271130057235e-07
id02295,0.1728761238009467,0.7118208475860659,0.11530302861298722
id08179,1.0,4.1075281550565023e-16,1.576803633748302e-16
id05332,0.005373977994438727,0.9790741265160849,0.01555189548947591
id15697,0.9625822012400675,0.00021813284746014625,0.037199665912436015
id17026,0.015218648518568445,0.0010372828633413863,0.9837440686180878
id04243,0.9985677857331559,0.0005332002708515568,0.000899013995994604
id13175,1.0,3.3899228801175686e-30,4.3851408893545597e-32
id05387,0.9986258899721157,7.161680424104829e-06,0.0013669483474609931
id19989,0.9654006695404517,0.01999447389447067,0.014604856565095676
id25173,0.054420173519755574,9.963385631397918e-05,0.9454801926239389
id08925,2.8431377484896313e-09,0.9999999970658564,9.101851678975053e-11
id03034,6.642640456784206e-10,0.9999999893065877,1.002915311823608e-08
id13272,2.5876187368918984e-19,1.0,1.3368941511260725e-17
id07956,0.985255602328914,4.4304845925995106e-05,0.014700092825167895
id02648,5.547981248121344e-08,2.674446029641319e-08,0.9999999177757279
id01778,0.003203155137783929,1.5297562833327202e-05,0.996781547299371
id12846,1.1901135249932967e-06,1.0031262666905901e-11,0.9999988098764708
id19001,0.17020946211347174,0.0002825093436934698,0.8295080285428398
id05763,0.912162748407993,0.02550438294267122,0.06233286864934503
id15590,8.766545590263392e-11,2.9312606108457883e-12,0.9999999999093916
id04912,0.9302399560790201,0.01856787124874923,0.05119217267223884
id21201,0.9976834325968318,0.002060358628411024,0.0002562087747435786
id13215,0.9999999999999432,2.1556867931960628e-15,5.999676713664245e-14
id15612,0.08384840507148175,0.9112174813339726,0.004934113594533826
id18501,1.2486335874372606e-06,1.119293850638694e-06,0.9999976320725534
id07223,0.4317310430310846,0.4170899019921427,0.15117905497677858
id06707,0.26881397258533263,0.4428250904186175,0.28836093699604864
id05238,4.56181572242208e-16,0.9999999999986358,1.3567866579080215e-12
id00935,0.0006250835988522226,0.0021135436194960437,0.9972613727816353
id00110,0.9998604195104522,1.6361273357913742e-11,0.0001395804731633715
id17476,0.9989561383079414,0.0004148928244348667,0.0006289688676307644
id15170,0.9999980354551751,1.955729237326929e-06,8.815615347437889e-09
id13397,0.22559158376929897,0.0017759547129554043,0.7726324615177593
id24283,0.9459207236671332,0.03569253468296902,0.01838674164988486
id15234,0.9918573678480266,0.008049197375562723,9.343477641722835e-05
id16884,0.7958167247095296,0.18556988702696772,0.018613388263506232
id07831,0.5548220855235256,0.25905468310508867,0.18612323137138706
id16038,0.9279273034980109,0.06046669373849412,0.011606002763488178
id03629,0.9571861022678997,0.012721903346519164,0.03009199438558236
id21019,0.742607795746507,0.21863939143106995,0.03875281282242265
id21835,0.2743547332370231,0.21624789099455108,0.5093973757684224
id04480,6.454281821993774e-10,0.9999999993536051,9.584152448930222e-13
id20838,0.9692827408593504,0.024202285585489654,0.006514973555173878
id24195,0.44969962224994714,0.22122073576293216,0.32907964198712114
id05448,0.9825319643625693,0.017236184588257625,0.00023185104917362834
id15957,0.01651353439425856,0.9825275481228717,0.0009589174828680241
id19956,6.360595298496445e-06,1.3358009859866045e-10,0.9999936392711323
id15104,0.00012673084414129314,0.0005603084597799266,0.9993129606960706
id17559,0.7536090441018694,0.16875697772419485,0.07763397817393454
id16839,0.2035564642732653,0.015326333569750447,0.7811172021569767
id14493,0.30657048075727,0.0005918361511355547,0.6928376830915864
id08833,0.8638186582603845,0.00021247310669312853,0.13596886863291463
id15723,0.031169604536833685,0.00200956626260778,0.9668208292005619
id02716,0.9999988793005654,3.169054250808317e-07,8.037940181457452e-07
id06689,0.0009678864971845473,0.9988552436217455,0.00017686988106231546
id18837,0.040813383384744,0.0017175041698925292,0.9574691124453739
id04466,0.9999602292758278,3.058505118760841e-05,9.185673010840679e-06
id00686,0.9999695043900588,2.821393875916539e-06,2.7674216091659635e-05
id09010,0.025171326975083057,0.974671734792023,0.00015693823290245177
id23353,0.9958389299007012,0.00034043278916572116,0.00382063731014668
id00066,0.7736014011330452,0.20231641406550044,0.02408218480145233
id15724,0.03860940465978145,0.9512009888740797,0.01018960646614439
id23486,0.03859806273779392,0.0030018697998066054,0.958400067462386
id22258,0.0012020504687946434,0.00010747522440664397,0.9986904743067856
id02292,0.8394625428555907,0.04530005464557053,0.11523740249883173
id16356,0.32420450568035447,0.00015883967789476894,0.6756366546417425
id00235,0.9965823153533611,6.317514437417912e-06,0.0034113671322032473
id25522,0.002393263844892261,3.237225573179593e-06,0.9976034989295178
id04204,3.54707206628202e-08,0.9999999506973166,1.3831952070147714e-08
id22016,0.7471747819593086,0.044163111594522964,0.20866210644616753
id06480,0.00021976169859537804,0.9997306081945251,4.9630106865153876e-05
id08718,1.8859760053125442e-07,4.3501726814102774e-10,0.9999998109673848
id05251,2.854003080892766e-06,0.9999969553821607,1.906147405624711e-07
id03359,0.9405110531755885,0.03032834926157574,0.029160597562842297
id16117,0.0002667851799222078,6.537985092519689e-08,0.9997331494402253
id17000,1.3878798251905859e-06,0.9999984538239647,1.582962019629265e-07
id01730,0.001147682197907459,0.9988285833367044,2.3734465375879868e-05
id00630,0.9205732521706771,0.07781342141470819,0.0016133264146180222
id18175,0.005756283890072264,3.1152828070344725e-05,0.9942125632818597
id00907,0.9938926981596017,0.0017176917617699446,0.004389610078637217
id18251,4.6971877508052006e-12,0.999999999995282,3.068326211551765e-14
id25861,0.38371302535725965,0.1686286616338436,0.44765831300889536
id00398,0.6557150408301353,0.17769467113674964,0.16659028803311882
id27573,0.9999886572972336,5.284560528074307e-09,1.1337418183596497e-05
id10022,9.030586580212278e-06,0.9580507067788097,0.04194026263460293
id15901,2.167124044579688e-05,2.1651092966728526e-11,0.9999783287378868
id00451,0.003930955165286038,0.00046616733125066245,0.9956028775034497
id23129,2.458296661236474e-08,0.9999999746900702,7.269686784777725e-10
id26498,6.339387901456059e-07,0.9999993054968992,6.056432513884409e-08
id14741,0.0675614210665949,0.7480432192679696,0.18439535966543635
id18453,0.002908192062926479,4.09639908149922e-05,0.9970508439462419
id08309,0.9844348266807217,0.005418075104400151,0.010147098214864628
id00320,0.9999999981344558,2.1609950612231197e-11,1.84392959225589e-09
id07688,0.09656474388600421,0.0036946295747590963,0.8997406265392269
id01556,0.00020605052973418633,6.321232316298137e-07,0.9997933173470308
id00178,0.370169642928695,2.2542983255160403e-05,0.6298078140880666
id18902,0.0013874551863436323,0.009717911181630864,0.9888946336320252
id27002,0.4419115434592558,0.5328065759488713,0.025281880591875337
id21418,0.9999999906997914,9.28440227370785e-09,1.5781698743668617e-11
id23018,0.583686742119047,0.10856315373088807,0.30775010415006304
id07032,0.21364068643807332,0.004473014170801998,0.7818862993911521
id16195,0.7474996560035017,0.0013824476219527527,0.25111789637453985
id11202,0.01908879582104496,0.9723267622219848,0.008584441956970074
id09578,0.7782900185892875,0.040280255911970785,0.1814297254987399
id26984,0.7777075550476159,0.0009697243514850332,0.22132272060089359
id19856,0.0010129776637426374,0.9989333921151615,5.363022111584067e-05
id12086,0.5941327717248615,0.02099181995057458,0.38487540832456923
id12052,0.009001123848913502,0.003208057798405386,0.9877908183526751
id17728,5.005584249562426e-08,7.860666946256692e-09,0.9999999420834927
id24608,0.9474165560798286,0.0029018629741918147,0.04968158094596947
id21097,0.004322164267196202,6.314330967950285e-05,0.9956146924231337
id20179,1.497874850826236e-14,1.591188757210011e-16,1.0
id15144,0.613164972947196,0.15849309486834864,0.22834193218445625
id00206,0.9972119115137382,0.0007914195547158952,0.001996668931541382
id22285,0.001301974356185453,5.2786395387968953e-05,0.9986452392484143
id06417,0.02596833378475084,0.35186258654418123,0.6221690796710719
id00215,1.0224230290947246e-09,0.9999999989729815,4.601437244126746e-12
id04201,0.28371233546349267,0.002114213542604713,0.7141734509939011
id21771,0.9999998075700248,1.7367783151267998e-07,1.875214132903752e-08
id12451,0.0016094083091311765,0.7082204996039091,0.2901700920869713
id14250,0.018542275791791477,0.8243746394136736,0.15708308479452238
id03433,0.06832055902493214,0.92203748467311,0.00964195630197535
id03303,0.008964049570408205,3.798181080998924e-05,0.9909979686187711
id25901,0.2401072784701924,0.3749234664418776,0.3849692550879279
id06945,0.9792782839427554,0.000701363644739317,0.020020352412498645
id05664,0.734434431118767,0.018955092283285666,0.2466104765979446
id05741,0.9999999996203996,4.951317962528945e-14,3.7949668600392967e-10
id10652,0.8654748110074122,0.07745284247032763,0.05707234652226517
id16300,0.9998980128795361,1.2739821071390632e-05,8.924729941834672e-05
id12319,0.4608398121223979,0.037423264333449884,0.5017369235441517
id07500,0.0002468977045350675,0.9997531020796169,2.1584851588082355e-10
id12478,0.20984698395642992,0.27381247555132865,0.516340540492241
id03076,0.0002062353377135781,3.7260549702847957e-10,0.9997937642896858
id00969,0.3093079208707514,0.6693847827739683,0.021307296355272697
id23636,0.005337623999535924,0.9877428664237056,0.006919509576761145
id09791,6.02057592489404e-07,9.85786303429934e-07,0.9999984121560986
id05680,0.006621578298601414,0.6200868471600715,0.3732915745413154
id03672,0.0031139447256955896,0.8330497878138856,0.1638362674604315
id04286,2.640997525515824e-11,0.9999999938684709,6.105108777025493e-09
id23883,3.498849878494584e-05,0.7771665074694051,0.22279850403181686
id11914,0.681172280446797,0.00040565301764456643,0.31842206653555366
id20974,3.974100905259721e-09,0.9999999958505441,1.7537594072897543e-10
id26125,0.0013757469138598914,6.307751109545237e-06,0.9986179453350367
id15543,0.06611758434296547,8.30214080249928e-06,0.9338741135162238
id19471,0.9999999999175202,1.3634275219099494e-11,6.88571308866602e-11
id11503,0.9450577275470612,0.047027883119404534,0.00791438933353977
id09321,1.7804072580075738e-15,0.9999999999999147,7.446819043113329e-14
id25560,4.234198225413605e-11,4.615427971001067e-10,0.9999999994961399
id06726,0.15520137481995536,0.20364694506639333,0.6411516801136569
id05709,0.9995549914751796,6.519254315852285e-08,0.00044494333230389626
id09788,0.03199410556697319,0.7386496828881661,0.2293562115448721
id05289,0.9999999999398597,5.99692853692426e-11,1.4301139267501933e-13
id11815,0.0031366963687839452,0.9967291889862455,0.0001341146449720585
id22422,0.4179600157854514,0.031779740522964665,0.5502602436915924
id25954,0.9346530373279901,0.0001875738017478763,0.06515938887025594
id13601,0.6122586899446407,0.21767790321642594,0.17006340683893645
id05677,0.8306959750324684,0.0007098792511379328,0.16859414571638687
id10498,1.2824712294057616e-09,0.9999999987161345,1.383042402887531e-12
id02665,0.40326662117515066,0.5832277052932346,0.01350567353161765
id10114,0.004410506585115711,0.8656494995255628,0.1299399938893351
id26314,0.9959953217850793,0.0026951054372313776,0.00130957277766743
id21240,0.10789057928201631,0.15563878736254688,0.736470633355434
id15569,0.9999854231340951,1.4277207851365872e-05,2.996580775238688e-07
id25928,0.13735223130717764,0.023245694765891087,0.8394020739269319
id22706,0.0036724180930052,0.9963263199962629,1.2619107340310579e-06
id20877,4.685042846758475e-09,0.999982472595052,1.7522719895612394e-05
id04318,0.9999982698573905,6.016083656357391e-07,1.1285342498993975e-06
id18299,0.3675235648394446,0.49516174767056637,0.1373146874899813
id08126,4.420167999705297e-06,4.897878723243734e-12,0.9999955798270922
id14293,0.7639515136018868,2.3251208315404665e-05,0.2360252351897818
id12759,0.9999282649679122,1.3790410489197945e-07,7.159712798819296e-05
id11983,0.948894718362423,0.018659485556490118,0.03244579608107641
id05580,0.14368892865519295,0.8047802924318722,0.051530778912960346
id25846,0.2960841563780547,0.43215064857314583,0.2717651950488049
id01939,0.5416899602696392,0.006987940131233974,0.45132209959912106
id26327,0.05992621286769644,0.5725493828028965,0.36752440432940264
id11068,1.1472749531308447e-06,3.9419359715555523e-10,0.9999988523308665
id08404,0.9995397818475951,4.584593127053172e-05,0.00041437222114953085
id27189,0.9972849347141608,0.002685001681242595,3.006360460726544e-05
id15119,0.0008503458471097852,0.986322523522988,0.01282713062991412
id26525,0.9982927783369502,9.655776411433202e-06,0.0016975658866380733
id03618,0.6183911500937694,0.36589741849281626,0.015711431413427204
id27220,0.9999403934053411,5.03072063961162e-05,9.299388268013855e-06
id18777,0.0060719157219199455,0.00030192928504129893,0.9936261549930372
id20213,0.9025426019200676,0.04026442507666491,0.05719297300326417
id20403,0.9987745386767126,0.0011730710668344565,5.239025645722011e-05
id03777,0.18933287927858533,0.000312540841506208,0.8103545798799245
id10595,0.02089014936867387,0.9786092866225921,0.0005005640087170147
id13816,0.09537000782728508,0.0002174527449039835,0.9044125394278066
id05667,5.4760705322668744e-05,2.3412812916528757e-08,0.9999452158818755
id24629,0.5094116877247081,0.05520080777388927,0.4353875045014057
id20398,0.024270792314419556,0.02148756015593167,0.9542416475296427
id14108,9.963329208671458e-07,3.94481616217599e-09,0.9999989997222543
id06196,1.8063520084834523e-12,0.9999999999961915,2.014354317798471e-12
id02800,0.385994828341427,0.6003768899127143,0.013628281745863457
id18732,6.953647145033231e-06,0.9999860284350208,7.017917832983569e-06
id11915,0.0003114846301398897,0.9968946210175131,0.0027938943523684464
id09739,0.9776917500945843,0.00597161412658802,0.01633663577881954
id24672,0.9999984991696813,1.064369463287866e-06,4.3646086374832157e-07
id00414,3.0322925968631713e-12,7.433070201574902e-13,0.9999999999962483
id16307,1.0,8.51985529042723e-18,1.917592720685905e-18
id14043,0.12773484632690507,0.010586772163051685,0.861678381510045
id00517,9.055224614921558e-25,1.8407434398999837e-28,1.0
id09744,0.9999925041893352,7.495121456942114e-06,6.892177502958031e-10
id19257,0.9986738554678408,0.0002746080108877765,0.0010515365212826174
id15437,0.7837206527806996,0.21043220534540735,0.00584714187389283
id16352,0.0029016861817290052,0.0008763553370259319,0.9962219584812365
id18849,0.6893419632615093,0.10497260861858136,0.2056854281199031
id19434,3.3088971044457342e-09,0.9999999951015184,1.5895874064574856e-09
id17928,0.009022124595487705,0.0010487013750391215,0.9899291740294972
id16896,0.016727187767251135,2.2301804374293686e-05,0.9832505104283664
id02135,0.07969671606445726,0.26196414814004815,0.6583391357954897
id15075,0.9986703874300842,0.0010941444748564925,0.00023546809506705697
id27486,1.8771964085826775e-06,0.999997640378352,4.824252573194851e-07
id19422,0.9981182895741253,0.0017861662138287699,9.5544212043114e-05
id09603,0.007318236390241206,0.9648150966078028,0.02786666700196182
id02133,0.04328626857571599,0.953412040502311,0.003301690921970272
id03441,0.6977547259501502,1.0421693677575453e-05,0.30223485235615755
id02398,2.7182835503222407e-11,0.9999999999727152,1.0262802797810977e-13
id05152,0.23288959184075694,6.196004613046567e-05,0.7670484481131149
id17838,0.08057886095410659,0.001688301937570991,0.9177328371083182
id25060,0.9999923875119939,7.569674920791845e-06,4.281311150312976e-08
id09998,0.01919039934207479,0.003952026518517074,0.9768575741393942
id01828,0.001120293159386917,0.9934814224861358,0.005398284354466583
id25377,0.48099320693434533,0.022398044289705404,0.49660874877595007
id22175,0.03214507360839187,0.9675682269414404,0.0002866994501780468
id02974,3.551106282065901e-07,1.1562509936399754e-08,0.9999996333268759
id26955,0.9999403009587018,5.9612152924102334e-05,8.688836582093413e-08
id21091,0.9871594436957767,3.5410263577731635e-06,0.012837015277867004
id12802,0.9997177259334775,0.00027104726932217855,1.1226797214484478e-05
id07432,2.5812267094447045e-11,0.9999999999103011,6.387500938824462e-11
id18749,0.02107185162963293,0.6762750894214516,0.30265305894894096
id15030,4.964851429594616e-11,2.0872512021471945e-11,0.9999999999294573
id17155,0.00314458507952908,0.996818113248492,3.730167197855604e-05
id08128,1.3382829227475529e-05,0.9970312950934095,0.002955322077359087
id25706,4.619470555432927e-07,0.9998351563323428,0.00016438172058539803
id15645,0.9899581350345743,0.008631654701931392,0.0014102102634915665
id04943,0.9889565782316121,0.005931264483748862,0.005112157284644111
id27566,0.0010545583508252765,9.350081832203505e-06,0.9989360915673846
id11765,0.0961513018330734,0.22905450990962395,0.6747941882572747
id13783,0.17246508346266426,0.5075554125745525,0.31997950396278224
id00492,1.052736570336256e-05,2.1155965771285445e-07,0.9999892610746265
id27636,0.0017716324213954658,1.920988789805672e-05,0.9982091576906902
id04273,0.99139646141282,0.007882508147863301,0.0007210304393429236
id02537,0.2240338388386797,0.07224358015983907,0.7037225810014787
id24349,0.9634539468086104,0.0364722342486353,7.381894275630067e-05
id00023,8.770057915949516e-20,1.0,4.403174153899477e-16
id23025,0.8752672841360767,0.09245887971664468,0.03227383614729925
id08722,0.9395678785138982,0.0019856866495876124,0.05844643483652677
id02420,0.9999999999999432,4.014394524601909e-14,1.3859040425046541e-17
id10811,0.9992180786244639,7.053757368489686e-06,0.0007748676181420242
id04019,9.630498500198128e-05,5.485164747959278e-06,0.9998982098502761
id18334,0.9997942759001222,0.0001962387349413514,9.48536493469203e-06
id16781,0.6152153865827962,0.3360290347367422,0.04875557868046076
id08773,0.4121127043604459,0.5878167549532166,7.054068634300013e-05
id19214,0.9899572591008833,0.0029205823263288486,0.0071221585728017895
id09589,1.932619728417955e-05,0.9987944975594387,0.001186176243274571
id24246,0.9991273850035887,7.603893335998681e-05,0.0007965760630573815
id23577,0.9569532018086153,0.04302789280262473,1.890538876046003e-05
id09305,0.885580571113246,0.02667308637118196,0.08774634251557048
id16460,0.7660455059029858,0.016583909528688077,0.21737058456832103
id21115,0.9501542515559814,0.008484975479779246,0.041360772964247
id25996,0.5874772003987451,0.031358867375256956,0.38116393222599815
id02551,5.098273947117181e-06,7.603816573940148e-05,0.9999188635603039
id19352,1.5047184249250285e-05,7.159350515436152e-10,0.9999849520998112
id03806,0.0013393592969202623,3.704700275884959e-06,0.998656936002778
id26544,0.9039786242565544,0.001566831723341578,0.09445454402009926
id18761,0.9990883110544668,0.00023324864240701569,0.0006784403031111574
id24148,0.0004430287447463002,0.9995418192260509,1.5152029187545095e-05
id16095,0.004387752200251716,0.9917729710709152,0.0038392767288362275
id18442,0.9918548123146628,0.0022930359038541713,0.00585215178150558
id22596,3.434215692183317e-20,2.2777129083364053e-22,1.0
id23002,0.001008091643624727,0.00039181189976764005,0.998600096456604
id04797,0.9999986572259649,4.0388804184638204e-07,9.388860045408338e-07
id06610,6.840021928264816e-08,1.4741303742859684e-10,0.999999931452353
id16173,0.298267403605981,0.5082173766961094,0.19351521969790922
id18292,0.0015004694967034023,9.917269775353589e-05,0.9984003578055566
id27328,0.9998300412389406,9.861841225909401e-06,0.00016009691984490644
id01695,0.008857726920533803,0.9901691209863602,0.0009731520931167988
id05761,0.7555468231301432,3.736548078697855e-05,0.24441581138906768
id16354,0.9943585593196722,3.32051355787982e-05,0.005608235544754942
id12207,2.970672142228138e-09,0.9999986513164174,1.3457129093351032e-06
id05665,0.0027849039379581365,3.2904917159064097e-06,0.99721180557031
id01911,0.9823910400619087,0.016870704927666007,0.0007382550104254876
id19153,0.0005402040886485118,3.099372629463853e-06,0.9994566965387256
id10295,0.6087515788740849,0.3799076221851092,0.011340798940806956
id23038,0.3551397408436261,0.5570019523145172,0.08785830684185701
id23783,0.07918642029964686,0.9207724474881895,4.113221215027185e-05
id27879,0.9789199426841507,0.021060721709569626,1.9335606251912455e-05
id19190,8.80167632608583e-05,0.999911658191972,3.250447663727509e-07
id05065,0.999610865756328,0.0003029063173608707,8.622792629886969e-05
id21296,0.0013907486225314398,0.9973399136839324,0.00126933769353476
id13262,0.0661795014063568,0.07712126975965071,0.8566992288339923
id10333,0.5846121707115532,5.976573812348597e-06,0.41538185271464584
id16677,0.17622669160229923,0.40074798403996253,0.4230253243577256
id01392,0.3634568840833043,0.0019352705242563694,0.6346078453924282
id27874,0.8201242636778847,0.11821255686467119,0.06166317945744566
id02294,0.001525787861555266,0.9897631446958969,0.008711067442547996
id18298,0.0014924345679090986,0.0046488665706748795,0.9938586988614153
id06997,0.9998054955932294,2.0354955906027306e-05,0.00017414945086062107
id05243,0.21797904519974373,0.2835882886263407,0.49843266617391935
id00860,0.0016022759641203524,0.9949519297272692,0.003445794308590899
id26681,1.0,2.0280921437733286e-24,5.374771571020838e-27
id06020,9.570282946827356e-14,4.419323093332322e-21,0.9999999999998863
id27683,0.4518620371699097,0.2709225074254455,0.2772154554046491
id17655,5.035044654110648e-07,0.9999994964720276,2.3458107027970277e-11
id08817,0.0014745321556048471,2.2751347452717066e-05,0.9985027164969176
id11512,1.1100330184279728e-07,5.6084558299738706e-06,0.9999942805408603
id00478,0.09123773675565042,0.00017799775191700048,0.9085842654924221
id02116,0.9973483866214128,0.0007944812513856383,0.0018571321271955161
id06746,0.987766815752489,0.008652109743129842,0.0035810745043777887
id03863,0.49038368038600544,0.44860951750220995,0.061006802111781874
id01802,0.0059554389234945946,0.9633401808507653,0.030704380225715512
id11682,0.9038991958687429,4.112072568275856e-05,0.09605968340556137
id04033,5.704495765269838e-05,0.9997950147540063,0.0001479402883304483
id09286,0.24803742665164583,0.401660940654144,0.35030163269420767
id12904,0.9999999998704538,1.2882858153687923e-10,7.372731043852295e-13
id07420,2.4881994558212622e-11,2.2234613863487672e-12,0.9999999999728857
id22398,1.3091254944334172e-18,1.0,6.038122619060766e-17
id00424,0.007445539943926644,0.00018516965518127927,0.9923692904008992
id20960,0.9994897245375313,0.0005012192645521917,9.056197918841917e-06
id10267,0.6686871824270739,0.24283965066213745,0.08847316691078964
id19330,0.2894744067748304,5.568565612057439e-06,0.7105200246595437
id00994,1.0452858155685758e-06,0.9999972145976269,1.740116558425831e-06
id10785,0.8872697908591157,0.027821628617153947,0.08490858052373208
id00955,0.0009379027745375744,0.9976580682145939,0.0014040290108716417
id09757,3.6124981701721333e-05,0.9999629100543511,9.649639408466418e-07
id10030,0.05272056283897592,0.028656536561320643,0.9186229005997023
id22952,0.06428038506042363,0.11568044230316524,0.8200391726364191
id21955,4.565027330585839e-11,8.253075262317338e-10,0.9999999991290451
id07674,0.9999718630925754,1.5494243448897968e-06,2.6587483086862e-05
id13760,0.0008702801059261447,0.9991258435487554,3.876345331439569e-06
id18166,0.99991527653961,7.497987069583884e-07,8.397366167253876e-05
id23498,0.7793422170371507,0.22050704350321965,0.00015073945963673798
id05296,0.9999999902890409,4.414634330446257e-10,9.269493324072973e-09
id26709,0.9824268194718985,0.009533079959254037,0.008040100568828227
id02853,0.9917566661846139,0.007928660944568044,0.0003146728708285791
id06800,0.15120067909127513,0.07496194429706703,0.7738373766116596
id14758,0.5717149710249485,0.3564221188985653,0.07186291007650816
id12356,0.9999999997942268,1.8313032054387849e-10,2.2617132627571482e-11
id21492,0.9865673515937616,0.004027006695640086,0.009405641710597313
id27540,0.9968504729597172,1.84986956485905e-08,0.003149508541569308
id07376,0.13399198075413052,0.036570645751031194,0.8294373734948496
id15201,0.8828008294880806,0.11634581646025026,0.0008533540516601456
id23388,4.996666136321325e-05,0.9995218174127904,0.00042821592586661815
id13923,0.1520719515237318,0.836803974540549,0.011124073935709184
id00794,2.1406529909786695e-06,0.9999931971619885,4.662185015717405e-06
id23910,0.250393170484648,0.016576401142338073,0.733030428373023
id02556,0.009783914987224522,0.029622547106032075,0.9605935379067382
id22151,5.249326195359612e-12,0.9999999999945999,1.4129091709861703e-13
id11698,0.006334173527313346,0.9754186597454215,0.01824716672726246
id11627,0.7262321395996386,0.02632913634870686,0.24743872405165718
id06340,1.0,4.141286683708692e-22,1.0866528949841258e-22
id05123,0.9693183367762332,0.013779182811721542,0.016902480412042883
id26620,4.938187595717334e-06,4.108978185059703e-09,0.9999950577034075
id04002,0.0018327463126631388,0.004968045509506038,0.9931992081778555
id26554,0.16505072795699477,0.2455759458529842,0.58937332619001
id18012,0.003195716550081279,0.006384203904590718,0.9904200795453388
id12964,0.042127477691660184,0.003860271585813341,0.9540122507225236
id18965,0.00038603428532629774,0.9478505925059139,0.05176337320874102
id19082,0.005121208089721069,3.980611070989909e-06,0.9948748112992011
id26742,4.459094395707741e-06,1.6872543664109726e-10,0.9999955407368992
id15442,0.18672505358093763,0.8011214455262846,0.012153500892785123
id16647,0.5971515280225047,0.015538211219723909,0.3873102607577654
id11544,0.0616488103888851,0.0037040383017056273,0.9346471513094168
id20581,0.20631615933469466,0.043263865646789954,0.750419975018509
id13192,0.0728822499674272,0.9222779020333809,0.004839847999191996
id15814,0.030070594972729334,0.0036068967443437364,0.9663225082829323
id26279,0.008115452412836168,0.9916340912123939,0.0002504563747651591
id00240,0.9962923755912403,0.0013223062640691275,0.0023853181446932656
id22836,0.9999998894385901,1.2459785751177161e-08,9.810163557667053e-08
id15085,0.001393697801606911,0.6968862093285916,0.30172009286978907
id17495,0.39486096942707843,0.004847797363955762,0.6002912332089637
id26762,0.7885545535165795,0.00013397465912866894,0.21131147182427196
id13685,0.9999999989656203,1.6329639429639163e-13,1.0341941295019e-09
id16560,0.00030091528949443576,0.9996867010750967,1.2383635418883414e-05
id17184,6.087242104700864e-13,0.9999999999457714,5.3606316770988866e-11
id21635,0.9999999783346427,2.2857615190909578e-09,1.9379605932643704e-08
id26751,0.046726732278028996,0.8509860487804584,0.10228721894151055
id12351,0.999611266059449,2.3012345911522983e-05,0.0003657215946488824
id14872,0.5847682407584983,0.3159239722318175,0.09930778700968441
id18372,0.9979176476129359,0.0020279732713739404,5.437911570983078e-05
id26851,0.9722662010269206,0.013271697833887963,0.014462101139192966
id22659,0.43302355477073357,0.5669735662525639,2.8789767118940744e-06
id04102,6.446281422801503e-10,5.4244713995114567e-14,0.9999999993553388
id02353,3.2428626547131284e-05,0.9999618068644238,5.76450904763915e-06
id26721,0.9999994810196636,5.151250779295634e-07,3.855258357160511e-09
id11171,0.8575130245827426,0.0029927780382706217,0.13949419737898142
id13562,0.29809521557275814,0.5857229719134641,0.11618181251377986
id26425,0.6654089691820141,0.006803796333363773,0.3277872344846217
id26394,0.5749815371005199,0.005233347350208036,0.4197851155492712
id22187,0.44764720536394087,0.43859586782946197,0.11375692680659884
id00422,0.9999999962038828,2.1861408978583372e-12,3.7939791063587374e-09
id22667,1.5232614750455874e-15,1.0,7.021153571115943e-21
id00911,0.741266020832322,0.01579328722005217,0.24294069194762383
id17291,0.04390041655514662,5.004992847650416e-08,0.9560995333949225
id01915,0.014780341063629174,0.012588670581657652,0.9726309883547156
id01434,8.150782461296776e-07,6.214862738044354e-07,0.9999985634354773
id01584,0.6721991177030203,0.033252415428526985,0.29454846686844666
id09266,0.9978335984867048,1.9194213182880287e-05,0.002147207300100859
id17494,3.2016574483175806e-05,0.9999500505757338,1.7932849777375512e-05
id24919,0.1423163536973478,0.1739639970499807,0.6837196492526757
id21043,1.0024712841765883e-05,8.142578815225964e-19,0.9999899752871197
id17796,5.882602441254179e-05,0.9999408605545637,3.1342100059338606e-07
id02166,0.009818052208610808,4.934502135448827e-09,0.9901819428568973
id17503,0.999999826432501,8.459641726728764e-12,1.735590176177134e-07
id21203,0.20617532189581855,0.17145013682459084,0.622374541279592
id25626,0.9999999928103307,1.7921010007219002e-11,7.171711771928597e-09
id09836,0.9999999997401403,1.7131008612317811e-10,8.85387438624929e-11
id24202,0.0014008986291855162,0.004875455901657357,0.9937236454691514
id27260,0.0001294788105222878,2.620666926981135e-06,0.9998679005225446
id23167,1.3077387770559283e-10,2.0263350948570353e-12,0.9999999998672138
id10393,5.858652555585569e-09,0.9999999912410686,2.900285306972553e-09
id01171,0.9996153164309759,0.0002629731903896437,0.00012171037865227774
id06380,0.9989759925024412,0.00044612764734260974,0.000577879850217248
id22686,0.13756907792615536,2.768902244442167e-05,0.8624032330514037
id26250,0.3673879213947797,0.004120488892546735,0.6284915897126789
id09315,0.12876125254418033,0.7773539935168582,0.09388475393897046
id00886,0.018979974708758812,0.9285266627507158,0.05249336254052738
id03101,0.9990358389220373,0.0005052507177889852,0.0004589103601905795
id12367,0.5139905373065247,0.0236201950799646,0.4623892676135098
id10770,0.9306737228305849,0.002699256229155033,0.06662702094025476
id14949,0.0003899471506106526,0.9996096885268395,3.6432255162988923e-07
id14141,0.009173644511593767,0.9908260424721553,3.1301624838507354e-07
id25417,0.5254776905362313,0.4680294933368204,0.00649281612694577
id26873,0.9696781246658953,0.007325806626696161,0.022996068707433582
id10818,0.042694319884446594,0.0003376983747662482,0.9569679817407789
id15146,0.9170333572137047,0.005426174094953061,0.07754046869133784
id23328,0.9994816524476335,0.00017704274286735948,0.00034130480949495784
id16765,0.22649364586543536,0.6336822057184097,0.13982414841613117
id24383,0.9977899765548522,1.3452560151282737e-07,0.002209888919546484
id21304,0.9952667968475036,0.0042875201338372386,0.0004456830186707448
id12551,6.803198587874768e-05,0.9999315997876114,3.682265064649226e-07
id23274,0.017251328362375112,0.02602354210261981,0.9567251295349832
id08117,0.935674556031256,0.0026468071176449027,0.06167863685111244
id23961,0.9981160548073681,6.729787035071204e-07,0.0018832722139497085
